!!key dx=[0.01],to_c=[10000.0]
&real
/

&realcv
/

&esorem
  emflag = 0
/

&jobcon
  jobnum = 0,0,
  nstep  = 20000
/

&digcon
  hdfdigstart = 0,
  intfoc   = 100,
  ifdiag   = 200,
  ijdiag   = 200,
  daverg   = 2,
  ipahdf(1)= 200,
  ipadig(1)= 128,
  ipahdf(2)= 200,
  ipadig(2)= 128,
  ipaxyz   = 1,1,1,1,1,1, 1,1,1,1,1,1,
  ifxyz    = 1,1,1,1,1,1,1,
  ijxyz    = 1,1,1
/

&plasma
  wp(1)    =  13.03899082
  wp(2)    =  0.026556772
  wc       =  0.0d0,
  cv       =  10000.0d0,
  phiz     =  0.0d0,
  phixy    =  0.0d0
/

&tmgrid
  dt       = 0.01d0,
  nx       = 175,
  ny       = 100,
  nz       = 100,
/

&system
  nspec    = 2,
  ionchg   = -1,
  nfbnd    = 0,0,0,
  npbnd    = 2,1,1, 2,2,2,
  nflag_ecrct = 1,
  mtd_vbnd = 2,2,2
/

&intp
  qm(1)    = -1.0d0,
  qm(2)    = 4.148228d-6,
  npin(1)  = 0,
  npin(2)  = 0,
  np(1)    = 160000000,
  np(2)    = 160000000,
  path(1)  = 1.713309d1,
  peth(1)  = 1.713309d1,
  spa(1)   = 0.0d0,
  path(2)  = 9.319942d-3,
  peth(2)  = 9.319942d-3,
  spa(2)   = 4.336333d-1,
/

&inp
  inpf(1)     = 1,
  inpb(1)     = 1,
  injct(1)    = 1,
  npr(1)      = 524288,
  inpf(2)     = 1,
  inpb(2)     = 1,
  injct(2)    = 1,
  npr(2)      = 524288,
/

&ptcond
 npc        = 1,
 npcg       = 1,
 pcgs(1)    = 1,
 mtd_vchg(1) = 0,
 geotype(1)  = 1,
 xlpc(1) = 49.0d0,
 xupc(1) = 50.0d0,
 ylpc(1) = 45.0d0,
 yupc(1) = 55.0d0,
 zlpc(1) = 45.0d0,
 zupc(1) = 61.0d0,
 modeww     = -2,
/

&testch
/

&scrnt
/

&emissn
 nflag_emit(1) = 1,
 nflag_emit(2) = 1,
 nepl(1) = 1,
 nepl(2) = 1,
 qp(1) = -1.0d-2,
 qp(2) = 1.0d-2,
 curf(1) = 3.686215d2,
 curf(2) = 7.372429d1,

 geom_ej(1)=2,
 algn_ej(1)=1,
 radi_ej(1)=3,
 cntr_ej(1:2,1)=50,58,
 edge_ej(1:2,1)=50,50,
 ipc_ej(1)=-1,
 nemd(1)=+1,
 staendinj(1:2,1) = 0,-1,

 geom_ej(2)=2,
 algn_ej(2)=1,
 radi_ej(2)=5,
 cntr_ej(1:2,2)=50,50,
 edge_ej(1:2,2)=50,50,
 ipc_ej(2)=-1,
 nemd(2)=+1,
 staendinj(1:2,2) = 0,-1,
/ 

&dipole
/

&mpi
  nodes        = 7,4,4
/

&verbose
/
